0.01724169312538286;1.216877089365605e-22;959310.3322749847;0.0
0.03771251931993817;3.019247189224319e-22;958491.4992272025;0.0
0.0557811902;3.021525558971981e-22;957768.7523919999;0.0
0.07347184582956941;4.730045596009383e-22;957061.1261668173;1151052.8744090644
0.09050330562538286;5.353232812862537e-22;956379.8677749847;1150233.5281743312
0.1119035127802549;7.665906362631153e-22;955523.8594887898;2046895.9719722297
0.13027295285359802;1.2220382669291146e-21;954789.0818858561;3245001.999321384
0.15044980786535114;1.431957288096969e-21;953982.0076853859;4095947.961912998
0.17013474345359803;1.4324762523723345e-21;953194.610261856;4092567.249440288
0.1868014101202647;1.4329163151879217e-21;952527.9435951894;4089704.897789407
0.20521363987272936;1.6879270264631157e-21;951791.4544050908;4086542.7612157054
0.2226749124;1.7210348730834257e-21;951093.0035040001;4083543.943081012
0.2523919681253829;1.7924661777952087e-21;949904.3212749846;4078440.3032701197
0.26931199444671805;2.057256327879546e-21;949227.5202221314;4075534.4393536914
0.292108807953598;2.516933628847162e-21;948315.647681856;5978562.276923962
0.31407778790191754;2.7640973730642674e-21;947436.8884839232;7287239.522551358
0.34604688331338473;2.7657226201450996e-21;946158.1246674646;7277403.8719274765
0.36507895267070084;2.814980991787654e-21;945396.8418931719;7271548.442412228
0.3817497992278709;2.9393221641702524e-21;944730.0080308852;7266419.4695642255
0.40114978901916615;3.2391361123985936e-21;943954.0084392334;8498890.751467237
0.4226123296582641;3.400989156341235e-21;943095.5068136695;8491161.23132071
0.44641841995826415;3.504225440631352e-21;942143.2632016694;8482587.705116238
0.4631032779786485;3.558881320722504e-21;941475.8688808541;8476578.819757367
0.487512713079247;3.8190849622977874e-21;940499.4914768302;8467788.00493502
0.5046217466338315;3.8676446667711285e-21;939815.1301346468;8461626.356984224
0.5221608047924252;3.925605430333977e-21;939113.567808303;8455309.839957299
0.5392769267840828;4.2070914955932486e-21;938428.9229286367;8449145.639176525
0.5573883982486328;4.396262604729453e-21;937704.4640700547;8442622.973201303
0.5746920508618246;4.759426743628945e-21;937012.317965527;11180117.351828216
0.596658434879247;4.912434144277659e-21;936133.6626048302;12474145.497745665
0.6145521214829647;5.0938780831572655e-21;935417.9151406813;12464608.037055925
0.6469840432801627;5.224333691561194e-21;934120.6382687935;12447321.594855182
0.6736887154678527;5.372494664026651e-21;933052.4513812859;13018483.413534142
0.6952407121474526;5.4964408994047054e-21;932190.371514102;13006455.180356616
0.7151570537579793;5.53162291857298e-21;931393.7178496808;13290144.400645914
0.740696631839716;5.731134168988641e-21;930372.1347264114;13275567.335152216
0.763547743128586;6.072281507379571e-21;929458.0902748567;14121121.652854329
0.7819500768539946;6.35617696446521e-21;928721.9969258402;14721270.309766319
0.8036366496909011;6.4866596108224834e-21;927854.5340123639;14707520.063648263
0.8228155854132101;6.657771843506135e-21;927087.3765834717;14695359.77034386
0.8404657306340031;6.70311221046502e-21;926381.3707746398;14684168.797817657
0.8628378695342255;6.944322652598387e-21;925486.4852186311;14669983.872501021
0.8916815122898608;7.157531990173971e-21;924332.7395084056;14651695.727582322
0.9114729922730492;7.36499224935041e-21;923541.0803090781;14639147.054130968
0.9347395886014311;7.638715618990048e-21;922610.4164559427;14624395.003253648
0.9542607295899123;7.736512406399133e-21;921829.5708164036;15452477.814704446
0.9741599221342254;8.07824661768025e-21;921033.6031146309;15439135.138745407
0.9912800388524835;8.209391152540547e-21;920348.7984459007;15427655.870466357
1.0094024576511185;8.288287334503741e-21;919623.9016939553;15415504.545175863
1.026947822094067;8.342923214251246e-21;918922.0871162374;15858835.670957388
1.0522918640784185;8.430245461604445e-21;917908.3254368632;16572388.752921414
1.0818986720441066;8.627267819027407e-21;916724.0531182357;16551007.291712552
1.1001139102524835;8.726594250927232e-21;915995.4435899006;16537852.600750463
1.1171045029466913;8.929403950618218e-21;915315.8198821323;18084880.43178484
1.148514790933792;9.261652823819503e-21;914059.4083626483;19796717.752219513
1.1658311642727621;9.395606792294403e-21;913366.7534290894;20930785.829384137
1.1825763261377111;9.738406803235522e-21;912696.9469544917;21964411.584135376
1.201872512961205;9.991022927186791e-21;911925.0994815518;22944134.26697954
1.2231892332034173;1.0281886034008014e-20;911072.4306718634;23064843.36137983
1.2433491574221391;1.0376829903098142e-20;910266.0337031144;23044428.497374374
1.274930371964278;1.066428526159413e-20;909002.7851214289;23856011.8577635
1.3017528939363647;1.0826713610188706e-20;907929.8842425455;23827854.47859174
1.3345401237337922;1.0960857500521023e-20;906618.3950506484;23969554.4337902
1.358161167178044;1.1176762713263817e-20;905673.5533128781;23944574.31471426
1.3748596422624049;1.1339560901720135e-20;905005.6143095038;25311668.4940986
1.396013191635995;1.1492180990397507e-20;904159.4723345602;26047565.40399977
1.4208890103515937;1.1875291998811711e-20;903164.4395859363;26018899.907047134
1.4388211656722367;1.2058910962147547e-20;902447.1533731106;25998235.897971697
1.4621476193581533;1.2100398531742286e-20;901514.0952256739;25971355.802297488
1.4792114162314116;1.2328855005699134e-20;900831.5433507436;25951692.44074694
1.4975588619066338;1.2472576250409709e-20;900097.6455237347;25930549.874381397
1.5171021685795965;1.295064932059372e-20;899315.9132568162;25908029.26493802
1.5374302709626926;1.3009115702066572e-20;898502.7891614924;25884604.30097693
1.562547994003367;1.310213945547952e-20;897498.0802398653;25855660.047060646
1.5795657939511716;1.3268983382873907e-20;896817.3682419532;25836049.68978471
1.5987120694511716;1.3275018388161377e-20;896051.5172219531;25813986.596775614
1.6200165811367007;1.335616504831624e-20;895199.336754532;25789436.473550282
1.6489331066365134;1.3745007893040322e-20;894042.6757345394;26853049.640260037
1.6672945088533493;1.400419190322274e-20;893308.2196458661;26830989.859062757
1.687337632355712;1.4314667960810294e-20;892506.4947057716;27603986.037073735
1.7057743495190214;1.4524240331311395e-20;891769.0260192392;27581177.15506943
1.7232373087389399;1.4723907162783278e-20;891070.5076504424;28458980.78091408
1.753317703185688;1.474511305396098e-20;889867.2918725726;28509889.62815748
1.770694832636604;1.496860706501662e-20;889172.2066945358;29754746.126755588
1.7903330630577607;1.5248470576439123e-20;888386.6774776896;30545002.420145627
1.8224797667190686;1.526045288583303e-20;887100.8093312373;30500790.989874203
1.8391464333857352;1.5266678875475446e-20;886434.1426645706;30477869.287576072
1.8596885944728878;1.549380902727084e-20;885612.4562210846;32326434.778972674
1.878525906787512;1.5891094607703916e-20;884858.9637284995;32298930.958597414
1.9011041358484457;1.6239494351643723e-20;883955.8345660622;32265965.132787906
1.9262117273151123;1.6249669711950065e-20;882951.5309073955;32229306.257348526
1.9439563869819787;1.655476919674572e-20;882241.7445207209;33967929.23129191
1.9610906196111986;1.689287190570904e-20;881556.375215552;33941541.25294033
1.9866040736484456;1.710793425859043e-20;880535.8370540622;34770589.23345551
2.0048898443313146;1.7300887466303614e-20;879804.4062267474;34741706.50117021
2.0339418213661715;1.7348817296889118e-20;878642.3271453532;34996446.9759718
2.051630213400377;1.757391249030708e-20;877934.791463985;34968265.73066684
2.0716643492753612;1.784216145573213e-20;877133.4260289855;36621618.84643996
2.091760357890238;1.823421232496505e-20;876329.5856843904;36588057.32222986
2.1102857538054582;1.836551696923899e-20;875588.5698477818;36557118.814219385
2.13224982517812;1.8375200468502647e-20;874710.0069928752;36520437.51460151
2.152569552111453;1.8619586750092884e-20;873897.2179155418;36486502.36755391
2.17014288579922;1.8894550495155726e-20;873194.2845680312;36457153.85983197
2.1885883814697666;1.8986471063162573e-20;872456.4647412093;36426348.789960735
2.2054881247143916;1.909134961025664e-20;871780.4750114243;36398125.21816006
2.2222630062031;1.9255472522628106e-20;871109.4797518761;37427099.85904134
2.240482771051203;1.952071143061947e-20;870380.689157952;37797159.942048855
2.2587075664704543;1.9644202683564474e-20;869651.6973411819;37765502.736600555
2.2772395619296204;1.9900802780157642e-20;868910.4175228153;37733311.91228008
2.2972152701371207;1.994088558316198e-20;868111.3891945152;37698613.300627515
2.3258273913483944;2.013411631692431e-20;866966.9043460642;38078401.599261664
2.347566486790117;2.0456291381363746e-20;866097.3405283954;40246991.480725214
2.3691295643152244;2.0727765330146884e-20;865234.8174273912;42385640.21691922
2.3860948991737367;2.1160689129866546e-20;864556.2040330506;43472599.16533371
2.404578433301596;2.127277127669623e-20;863816.8626679362;43435422.76122946
2.4228930956445436;2.137490362841964e-20;863084.2761742184;43398586.013257764
2.442397563392552;2.159897869733096e-20;862304.0974642979;44405667.101894006
2.460861110099715;2.193889097737695e-20;861565.5555960115;44367634.75989264
2.482986181888967;2.1950658782738547e-20;860680.5527244414;44322060.18473438
2.5021938874203196;2.224420978621287e-20;859912.2445031874;45567583.035983495
2.5195221367343565;2.2253563416359007e-20;859219.1145306259;45530853.40713901
2.5438667943223003;2.2344009450887285e-20;858245.3282271081;45479251.52737919
2.561167787603418;2.2904872818176125e-20;857553.2884958633;45842703.220821
2.5803787338203197;2.3048388300164697e-20;856784.8506471873;46442440.186586685
2.5999576339695043;2.33470432941211e-20;856001.6946412199;46399988.83379206
2.6171229545850143;2.3522987552427132e-20;855315.0818165996;46362770.6511705
2.639178850081673;2.3535610090088813e-20;854432.8459967332;46314948.62879971
2.660342108859217;2.3719873841542224e-20;853586.3156456315;46269062.03875616
2.677507878869106;2.3893517351346807e-20;852899.6848452358;46826041.049700595
2.6977105788420817;2.4123268187003843e-20;852091.5768463168;48013064.94210025
2.715485337769504;2.427070230949599e-20;851380.5864892199;47973002.55078447
2.7343042262603077;2.4411121382288076e-20;850627.8309495877;47930586.80394226
2.7525446244924647;2.4635538264020748e-20;849898.2150203015;47889474.911808245
2.776938556253551;2.4983585864701078e-20;848922.457749858;47834493.61816969
2.7941761604325333;2.5529881622742758e-20;848232.9535826988;48680962.72491463
2.817813906249639;2.5740619629946036e-20;847287.4437500144;49809089.63819887
2.835924257543017;2.5958833317239554e-20;846563.0296982793;50493907.26303594
2.855081842969504;2.5971194235889693e-20;845796.7262812199;50448200.502500765
2.8760924414982543;2.6037975554191342e-20;844956.3023400699;50398072.765926704
2.8948611417273007;2.621839628003163e-20;844205.5543309081;51045000.12913716
2.9224262809853756;2.6333751284903635e-20;843102.948760585;50978330.93797775
2.9429314307273007;2.665138180568772e-20;842282.742770908;50928737.07468913
2.961126083446979;2.702051822906257e-20;841554.956662121;50884731.39168167
2.9799606161097136;2.7262497121483585e-20;840801.5753556115;51849734.60699347
2.9972170850306594;2.745025837820897e-20;840111.3165987737;51807168.40064798
3.019827927389113;2.7677724925172195e-20;839206.8829044356;52791069.69627223
3.043068689866734;2.8001813823490496e-20;838277.2524053308;53784815.149241515
3.0621493554474966;2.81843363094863e-20;837514.0257821004;53735845.66721198
3.0831951465788054;2.845722844194969e-20;836672.194136848;54093890.31776254
3.1014799960633566;2.863941536618188e-20;835940.8001574659;54046603.04566599
3.1262674963788055;2.8748259495519436e-20;834949.300144848;54716519.81769693
3.1431850309633567;2.8985318858611427e-20;834272.5987614659;54672173.71830135
3.1619304937157198;2.913979059312634e-20;833522.7802513713;55756300.361261785
3.1826087552474966;2.923431677050077e-20;832695.6497901003;55700971.658160634
3.200503433264395;2.974258331568988e-20;831979.8626694243;56965510.35513024
3.2199756203122027;3.006329922735147e-20;831200.9751875121;56912180.070459664
3.2436540229310613;3.008144727964041e-20;830253.8390827576;56847329.83308733
3.2629111371091484;3.033823193132314e-20;829483.5545156342;56794588.588432595
3.2812720855935904;3.0371098179277787e-20;828749.1165762566;56744301.75588045
3.3082516031974865;3.05888717237549e-20;827669.9358721008;56670410.448727414
3.327975554338161;3.10102083984896e-20;826880.9778264737;57922385.119314246
3.3504939541875407;3.1299758628066333e-20;825980.2418324986;59123562.21953665
3.3675419854267976;3.146432545811764e-20;825298.3205829281;59074750.38193342
3.389174098519309;3.1882011046492935e-20;824433.0360592278;59012813.42414239
3.416330532700486;3.205947399314717e-20;823346.7786919808;59532428.0384379
3.434166694330907;3.231314274230386e-20;822633.332226764;60135610.25629461
3.4524693823170605;3.2545077488602527e-20;821901.2247073177;60937484.79705198
3.475292714197482;3.265814923854563e-20;820988.2914321009;60869798.00464083
3.492832049445425;3.2831427719474394e-20;820286.7180221833;60817781.87701418
3.520812489531138;3.318586961083975e-20;819167.5004187546;60734800.73080916
3.5386190235308153;3.3362159309666366e-20;818455.2390587676;61231089.26800463
3.561194216136287;3.369485958336657e-20;817552.2313545487;61672802.11840312
3.582579729745425;3.376999087297673e-20;816696.8108101832;62054060.8098557
3.6003327024631377;3.420263691581864e-20;815986.6919014746;64409213.05969713
3.620089755731878;3.464666340738499e-20;815196.409770725;64650778.11536511
3.6382892548519603;3.466303665942949e-20;814468.4298059217;64593044.211470515
3.6674929313347744;3.4757679508435314e-20;813300.2827466091;64704879.62084836
3.6848150651210108;3.4972980239710134e-20;812607.3973951597;64649754.76203831
3.710263403436287;3.510974678315387e-20;811589.4638625487;64827746.17001001
3.733120011483033;3.554376479860894e-20;810675.1995406789;65408858.86708618
3.754634029931878;3.5636230889915505e-20;809814.6388027249;65339425.0224499
3.772543955624734;3.6018748393101396e-20;809098.2417750107;65281622.943263195
3.7903723179681075;3.6426357758760046e-20;808385.1072812758;67273109.17613983
3.8112631869971487;3.700167001956487e-20;807549.4725201142;69248225.74390928
3.828101817224313;3.734733996549117e-20;806875.9273110275;69190468.52620965
3.845479494789253;3.7378416831840626e-20;806180.8202084299;69130862.35321985
3.8630215063727;3.764318138143706e-20;805479.1397450921;69909896.10287721
3.883881350668108;3.7789802715756344e-20;804644.7459732759;70139383.96566029
3.905208630385237;3.792329096544999e-20;803791.6547845906;70065021.5955083
3.9228177872026024;3.8149694562253696e-20;803087.288511896;70003623.2993034
3.9424059541231964;3.827014421774914e-20;802303.7618350722;69935324.73809598
3.9600528265727;3.832621213902622e-20;801597.8869370921;69873794.93783455
3.9817202503727;3.840508515000175e-20;800731.189985092;69798246.57863328
4.009491110268107;3.879933808546416e-20;799620.3555892758;71440315.16193162
4.027232139918973;3.915747382242132e-20;798910.7144032412;71376913.83700559
4.044313623596133;3.9358431388251114e-20;798227.4550561548;71315869.53923102
4.061148249886612;3.9637204057846797e-20;797554.0700045355;71255707.4385832
4.077838080884163;3.982526087534483e-20;796886.4767646336;71196062.79456532
4.096954468724566;4.0094298264228566e-20;796121.8212510174;72119134.31056175
4.118448875586612;4.04576859166598e-20;795262.0449765355;72041248.84258279
4.142006032786612;4.0881717514690336e-20;794319.7586885355;72959564.70037821
4.1586726994532786;4.089976966200888e-20;793653.0920218688;72898330.28027444
4.18082188516018;4.106954562832648e-20;792767.1245935928;72949875.48651108
4.198427863140981;4.130240678017145e-20;792062.8854743607;74518951.08897133
4.216659618747969;4.156651427787495e-20;791333.6152500812;74450339.8042232
4.238145176847969;4.1877824115391057e-20;790474.1929260812;74369483.53472564
4.257512716044788;4.232653625236273e-20;789699.4913582085;76163722.70025945
4.276157920374727;4.2703542339773005e-20;788953.6831850109;77607992.88047326
4.301449607421661;4.2913137685362985e-20;787942.0157031335;78185262.19004324
4.318804945139977;4.3018305706018496e-20;787247.8021944009;78116377.3430438
4.338726343574727;4.321540429842523e-20;786450.9462570108;78037307.57756501
4.35591511976018;4.3281634326004515e-20;785763.3952095928;77969083.8277965
4.373794276060179;4.3395710697877285e-20;785048.2289575927;77898119.89922342
4.396807588957106;4.379755967925809e-20;784127.6964417157;78652748.81354207
4.414204077844496;4.423756840214954e-20;783431.8368862201;79502555.67132011
4.441784441378051;4.441498553921538e-20;782328.6223448779;79767826.51346764
4.460388712864465;4.46208170710253e-20;781584.4514854213;79691949.33050635
4.4821501283926315;4.4928351413790866e-20;780713.9948642948;80866900.64255653
4.500139226311384;4.5092000771660014e-20;779994.4309475446;81862489.40763314
4.519017602150352;4.525028451706423e-20;779239.2959139859;82311846.3377655
4.536551641619842;4.566622509891005e-20;778537.9343352063;82237760.79459225
4.5583038814198416;4.574577550256813e-20;777667.8447432063;82542271.64015688
4.575187820092632;4.619514645554711e-20;776992.4871962948;84223815.32512999
4.598653456867466;4.652019629202657e-20;776053.8617253014;85396805.25929646
4.618955157239806;4.6855615089101276e-20;775241.7937104077;85307445.4641258
4.637307537104282;4.7297234539295933e-20;774507.6985158287;86632491.11245354
4.65935547156951;4.763574623683924e-20;773625.7811372195;86533844.3209359
4.684337217912058;4.7811046544203306e-20;772626.5112835177;86422071.0785451
4.703619590261254;4.787910437306371e-20;771855.2163895499;86657226.24832776
4.721271897337689;4.801132486092057e-20;771149.1241064924;86577952.31530787
4.740023464314946;4.828133445190004e-20;770399.0614274022;86493741.76661664
4.7585102617815505;4.8652601856989725e-20;769659.5895287379;87008817.19276935
4.776067295316547;4.929154619255906e-20;768957.3081873382;86929425.38152827
4.795352272559297;4.931722660918684e-20;768185.9090976282;86842219.91655079
4.8170355087229035;4.9619835844807264e-20;767318.5796510839;86744169.67422679
4.835523622823879;4.983870222244579e-20;766579.0550870448;86660567.57470453
4.85711119378115;4.9971640431315245e-20;765715.552248754;86562949.92448038
4.8799361266479;5.0285249811116743e-20;764802.5549340841;86459737.00083157
4.902345395581551;5.0570745561231953e-20;763906.1841767379;86862326.57048579
4.919745090732424;5.096482635992037e-20;763210.1963707032;87637134.06240371
4.937335545270355;5.126565481079443e-20;762506.5781891859;88526326.12941723
4.960324915648005;5.159489150907946e-20;761587.0033740799;89571225.33491085
4.978344283181551;5.190206543981173e-20;760866.228672738;90190644.92247654
4.9980096562238785;5.20635787144351e-20;760079.613751045;91077878.4676854
5.015329179432054;5.22840050271639e-20;759386.832822718;91657213.48404706
5.032556556326332;5.249782146945456e-20;758697.7377469467;92332572.21985708
5.053544347790301;5.272410141341968e-20;757858.226088388;92230404.69386251
5.075113996096065;5.310057083974865e-20;756995.4401561574;92945990.45681511
5.091787774716721;5.338015847175772e-20;756328.4890113312;93454207.84937261
5.109129293460121;5.3725113803207115e-20;755634.8282615952;93972492.27000144
5.133665087892291;5.413411005731096e-20;754653.3964843084;94809326.55188915
5.153787696604268;5.422390042354013e-20;753848.4921358294;94708204.05038914
5.172292875213603;5.47050251415501e-20;753108.2849914561;94615209.6489939
5.189367117326338;5.473620967146506e-20;752425.3153069466;94529406.15808621
5.208174637163758;5.4844473079014e-20;751673.01451345;94434892.39596952
5.225429580992293;5.519685958772522e-20;750982.8167603086;94348180.82153308
5.242566333010889;5.541287781880379e-20;750297.3466795647;94860934.3082178
5.259599704810889;5.579186948159593e-20;749616.0118075646;95609683.78377701
5.281689379310889;5.639015883572482e-20;748732.4248275646;97769522.6560586
5.298626318422676;5.678824365791396e-20;748054.9472630932;97681057.59712407
5.318012673164499;5.694056576856066e-20;747279.4930734202;97771249.69652225
5.335741121410889;5.703337841226725e-20;746570.3551435646;97678468.74608557
5.353479770610889;5.718435334968171e-20;745860.8091755647;97585634.40946653
5.371144032810889;5.723098134683798e-20;745154.2386875646;97622747.6002446
5.389263932124717;5.750577915299615e-20;744429.4427150115;97527791.99157107
5.4113874065564165;5.773785981686631e-20;743544.5037377436;97411856.028338
5.432371465924717;5.802781796591653e-20;742705.1413630116;97301891.06135623
5.449606938391679;5.892952510694073e-20;742015.722464333;97906666.49981807
5.471617794727322;5.913431751066292e-20;741135.2882109073;98673166.96335122
5.492142700513746;5.96199599118733e-20;740314.2919794504;99874579.19370139
5.510700110538181;5.965179281676829e-20;739571.9955784729;99774437.21145435
5.534729027805073;6.003390581017878e-20;738610.8388877972;100722555.84816942
5.553715259176505;6.026181486035221e-20;737851.38963294;101197180.54336745
5.5730426367564165;6.043543833260406e-20;737078.2945297435;101091149.64631338
5.592851521388513;6.075611155951134e-20;736285.9391444598;100982477.17905822
5.612800944227322;6.130445804725503e-20;735487.9622309074;100873033.71263014
5.632642169524144;6.16285328160161e-20;734694.3132190345;101646225.83450358
5.657150274956416;6.185032083571796e-20;733713.9890017435;101510596.28764457
5.6748479830564165;6.227101548453894e-20;733006.0806777435;102518974.93588343
5.695485012565357;6.245897550451373e-20;732180.5994973859;102403522.29958214
5.7212693699491854;6.25063097380349e-20;731149.2252020328;102259273.24309811
5.738761192726323;6.284880043897181e-20;730449.5522909473;102656263.10761172
5.756056148278771;6.322468200365525e-20;729757.7540688494;102559038.84334552
5.773935207849186;6.360850718680908e-20;729042.5916860327;102458531.01565936
5.790635983149186;6.389553614966114e-20;728374.5606740328;102364646.95875657
5.809088986523589;6.430352589242442e-20;727636.4405390567;103120894.68978499
5.826347105723589;6.460195510573229e-20;726946.1157710567;104238542.54526445
5.843177287849184;6.476927085674589e-20;726272.9084860329;104142009.74221438
5.860981030125115;6.480360341596228e-20;725560.7587949957;104039892.89440781
5.878566493429405;6.491693429383366e-20;724857.3402628241;104494511.90043898
5.895607524467887;6.525320132968565e-20;724175.6990212848;104396247.36634457
5.916856411461349;6.5439164711881e-20;723325.7435415464;104273718.86582588
5.934095081013061;6.601204174009501e-20;722636.196759478;104922839.6655691
5.958538034738412;6.655370889983014e-20;721658.4786104639;105320362.82049717
5.9787535772130616;6.69405668372884e-20;720849.8569114779;105945203.76771314
5.995430148617615;6.750247571378234e-20;720182.7940552958;105847163.78123541
6.01730919168237;6.77313544823338e-20;719307.6323327054;105985085.61931594
6.03562876738237;6.798719312451052e-20;718574.8493047055;106875262.89269896
6.0562793653702895;6.811027226464557e-20;717748.8253851887;106752406.48652299
6.075100304617615;6.868178460666729e-20;716995.9878152957;106640435.25168827
6.09491940094645;6.875853421230894e-20;716203.2239621422;107199518.49242328
6.11225787834645;6.880655430241876e-20;715509.6848661423;107095711.28427422
6.135449465601242;6.888931582083152e-20;714582.0213759507;107190206.31848046
6.154571689783825;6.896309738498847e-20;713817.1324086472;106626441.93098196
6.173353304139875;6.924229348788106e-20;713065.8678344053;107211495.35327235
6.192102312654995;6.937915216887244e-20;712315.9074938005;107127163.24550213
6.213183477439875;6.93234134121066e-20;711472.6609024052;107067705.30743901
6.231521794931479;6.94591627951734e-20;710739.128202741;106321299.42511457
6.255277669894009;7.007482177802343e-20;709788.8932042398;107542799.08362497
6.272855960413716;7.011340048910981e-20;709085.7615834515;107436264.95305777
6.291394306600597;7.018751952697186e-20;708344.2277359763;107323912.35591762
6.313240571809221;7.031242695272339e-20;707470.3771276315;107191511.94601813
6.3309119870389425;7.054906347274418e-20;706763.5205184425;107693289.78964289
6.354230052251865;7.060143658437184e-20;705830.7979099256;107551165.92040485
6.371070626697405;7.049077095106341e-20;705157.1749321041;106030540.41850571
6.388327038803326;7.035950410997568e-20;704466.9184478672;104949563.83587085
6.407361742262616;7.070663760832118e-20;703705.5303094956;104836134.30363964
6.4269692998197145;7.099590884538666e-20;702921.2280072116;105108841.5965192
6.4464661853019685;7.116040561192954e-20;702141.3525879214;105260142.815436
6.472340022963121;7.128605066460889e-20;701106.3990814753;104709961.87161085
6.491111245167857;7.152087094738254e-20;700355.5501932859;104597822.88877366
6.509314637764462;7.142588496795723e-20;699627.4144894218;104489076.11098236
6.527069461371855;7.165411011650846e-20;698917.2215451259;105024992.64951572
6.5517944195033255;7.154980557394549e-20;697928.2232198671;104876377.70823401
6.569782080682907;7.188108898381137e-20;697208.7167726839;106090553.45803984
6.587611404856895;7.246669343791388e-20;696495.5438057245;106958501.36624822
6.604560496272091;7.245641603509864e-20;695817.5801491165;108724983.54214926
6.628906773056687;7.260480748000579e-20;694843.7290777327;109093242.39507413
6.646047109973464;7.260262871162915e-20;694158.1156010616;106952989.25351779
6.663086947664462;7.263267228298586e-20;693476.5220934218;105881605.44103014
6.680234412158243;7.258152723723162e-20;692790.6235136705;106365205.45536292
6.69848247560021;7.295451346117486e-20;692060.7009759919;106970112.49108467
6.71564672534214;7.298380624785894e-20;691374.1309863146;106430224.05441047
6.735466248450128;7.306600173763536e-20;690581.350061995;107370853.70099486
6.753699675583733;7.334826102457381e-20;689852.0129766508;107893564.52557352
6.772209909838923;7.340037083979921e-20;689111.6036064434;107777763.73836538
6.792476463242303;7.335484810515183e-20;688300.9414703081;107015149.95146526
6.809780735183733;7.355970235879602e-20;687608.770592651;107263838.57823949
6.826836746139741;7.369786288553416e-20;686926.5301544106;107157412.17507437
6.844828959033489;7.415926514036782e-20;686206.8416386608;108447576.48144606
6.861584325849945;7.42831204038396e-20;685536.6269660025;108341656.29446785
6.879895011839741;7.405728969849866e-20;684804.1995264107;108225904.0519187
6.897094931239741;7.388612225525856e-20;684116.2027504107;108117173.59565265
6.917454667536344;7.439912771523634e-20;683301.8132985465;108346787.82052237
6.942463342377954;7.420870096158783e-20;682301.4663048822;108811204.51221217
6.961747900257704;7.453464059731886e-20;681530.0839896922;108463189.69555585
6.982967604521897;7.426027176063537e-20;680681.2958191243;108328107.9515238
7.005080125191671;7.465682838012994e-20;679796.7949923334;109504406.75288703
7.023632689339742;7.475327211887152e-20;679054.6924264106;109384865.88151225
7.044338954633964;7.518293064053917e-20;678226.4418146418;110084156.72867481
7.06137434474912;7.560481347088472e-20;677545.0262100357;110762272.14720401
7.083778854687611;7.585128385435262e-20;676648.845812496;110615768.26444286
7.101151983258062;7.603904035040595e-20;675953.920669678;111000451.10894553
7.119337148595808;7.603742379700048e-20;675226.5140561681;110196550.21370576
7.138499486095808;7.571920160410403e-20;674460.020556168;108790022.74676867
7.164076703658062;7.59072631003723e-20;673436.931853678;108495364.57242398
7.1818318188997985;7.570767551766552e-20;672726.7272440086;108265252.6521183
7.20052825686604;7.58749801281542e-20;671978.869725359;107409271.31374119
7.218562594584345;7.605851920436596e-20;671257.4962166267;107597533.73598091
7.241083719984345;7.671246306734204e-20;670356.6512006267;109195816.95886117
7.261697319596274;7.696645454915952e-20;669532.1072161496;110341463.01776014
7.280611430766039;7.690498276606851e-20;668775.542769359;110216778.29087944
7.297616084373652;7.709093047297023e-20;668095.3566250545;110851219.79230747
7.3148788726713505;7.735873490540974e-20;667404.8450931464;110736649.2525879
7.332483848923932;7.731302715260551e-20;666700.6460430432;109892254.75698695
7.35435973917135;7.730261423442999e-20;665825.6104331466;109188678.85041136
7.374837494473652;7.72561115709652e-20;665006.5002210545;110307162.93651299
7.39715378346303;7.77756989853874e-20;664113.8486614794;111284740.42988734
7.413875981876731;7.7989355283715e-20;663444.9607249313;111172655.70142478
7.43263542247135;7.796336299700861e-20;662694.5831011464;111046915.84634481
7.452556294470075;7.793011528632777e-20;661897.7482211974;110913391.20601495
7.472521365730922;7.80976833169652e-20;661099.1453707636;111617541.56420916
7.490383062411143;7.843420505478936e-20;660384.6775035546;112544578.27867852
7.513555409932267;7.858630601778717e-20;659457.7836027098;112386614.46344584
7.531298533466398;7.902771971885397e-20;658748.0586613446;114225694.2632193
7.548737398171351;7.923851571131417e-20;658050.5040731464;114104739.5885515
7.566452796864441;7.971782525479594e-20;657341.8881254228;113981866.89461263
7.588520132088868;7.962027212129591e-20;656459.1947164458;113023374.74870917
7.607232757811143;7.93254387384357e-20;655710.6896875547;112894503.73119196
7.624272809811144;7.917980590512937e-20;655029.0876075547;112713136.53108232
7.646723351620958;7.91311687027081e-20;654131.065935162;113334710.49838841
7.666759053423695;7.914515958171042e-20;653329.6378630527;112913690.8850936
7.685755126423694;7.980423219161885e-20;652569.7949430525;112716854.78262922
7.7030084015753895;7.993405696891533e-20;651879.6639369847;111668680.86220802
7.723155108356111;8.094713451454259e-20;651073.7956657559;113945505.901133
7.739853850110532;8.099293458350359e-20;650405.8459955789;113828606.9204161
7.764341170920595;8.128864455080665e-20;649426.3531631764;114178902.30655903
7.793816132850141;8.14724732469173e-20;648247.3546859947;112597830.93268411
7.810646882311096;8.110320498633763e-20;647574.1247075564;112791044.99544345
7.83393157230737;8.110495424827407e-20;646642.7371077056;113999857.49441417
7.853894173031022;8.156414336419093e-20;645844.2330787595;115112314.75864942
7.872653979466224;8.131803231184745e-20;645093.8408213515;113894744.4710592
7.889422685072593;8.169173079703647e-20;644423.0925970967;113776320.30891149
7.906247538637555;8.202306253771997e-20;643750.0984544982;113022665.3411231
7.923403493152435;8.2410103640289e-20;643063.8602739031;113583017.70196293
7.940896375759676;8.257288501563617e-20;642364.1449696133;114162106.8959389
7.960954173684348;8.259704977009214e-20;641561.8330526266;114019518.58438976
7.977945782052434;8.263688974124046e-20;640882.1687179031;112667374.81896159
7.995457732777003;8.256601900873679e-20;640181.6906889204;112966312.13636586
8.014771134013522;8.247627470704486e-20;639409.1546394596;112829990.60488614
8.03526020334122;8.309975905123192e-20;638589.5918663517;113658159.09444067
8.052260582334103;8.346041354628771e-20;637909.5767066362;113537127.8841078
8.07276291133595;8.365117145225406e-20;637089.4835465624;114497372.73175965
8.097789109241221;8.384315417562112e-20;636088.4356303517;115160711.31797878
8.122998577407369;8.418717088993679e-20;635080.0569037057;116229244.89680263
8.14376944597095;8.460141077086067e-20;634249.2221611624;115635381.87676671
8.16079126901846;8.496126558702995e-20;633568.3492392622;116322140.60731703
8.177457935685128;8.485323959576292e-20;632901.6825725954;116199741.66830543
8.195153334629445;8.475196483905621e-20;632193.8666148228;116069787.78493516
8.213218587914879;8.531551088133657e-20;631471.2564834054;118339869.74863364
8.230411527979285;8.529669653138403e-20;630783.5388808291;117898503.82828322
8.24984199319525;8.524626642282409e-20;630006.3202721905;116148003.83059435
8.268177709164485;8.547672183802918e-20;629272.8916334211;115883259.11665602
8.284844375831153;8.507678495088136e-20;628606.2249667544;114946006.72507265
8.302353523160493;8.521541519955393e-20;627905.8590735808;114817938.85130794
8.319992026331583;8.567757070028456e-20;627200.3189467372;114688924.82480948
8.340086785851383;8.590503182334526e-20;626396.5285659451;114003617.63237274
8.363027024402857;8.631141037874852e-20;625478.9190238862;114617871.94281104
8.382153466036925;8.660460307251525e-20;624713.8613585235;114782173.25701521
8.400874374545262;8.658173288070161e-20;623965.0250181902;113712106.49195951
8.418857295934394;8.738150270146916e-20;623245.7081626247;115089614.78817534
8.437796601315512;8.769762687369744e-20;622488.1359473801;115323637.93731382
8.455680117797291;8.723061107344325e-20;621772.795288109;114901000.87450022
8.474177153364009;8.73240121476257e-20;621032.9138654403;115436066.92672192
8.49137240031551;8.737307196743482e-20;620345.1039873802;116502424.75247581
8.52003195631551;8.784564252409917e-20;619198.7217473803;117730630.07939924
8.536698622982177;8.789824711661723e-20;618532.0550807137;117603874.18672216
8.555769656482715;8.817848339963348e-20;617769.213740692;117653586.27948584
8.572700482700247;8.844416884677518e-20;617091.9806919908;117636156.00831746
8.591503823948118;8.881561508716436e-20;616339.8470420758;116873015.39293687
8.610680366463532;8.922226424798511e-20;615572.7853414593;117476051.79735471
8.639450047395005;8.92898965496387e-20;614421.9981042003;117256435.29657492
8.65883351006759;8.976524962295145e-20;613646.659597297;118343584.13752684
8.683069971345196;8.98774594512333e-20;612677.2011461926;118156621.19072063
8.702315662709161;8.955683394175152e-20;611907.3734916341;117700144.08403689
8.720016598720186;8.974482794061809e-20;611199.3360511932;118302428.20632139
8.738635085843887;8.96627087326547e-20;610454.596566245;117633749.15448584
8.755363404745196;9.026011995758311e-20;609785.4638101925;118531112.3257152
8.776258540839788;9.064288728675318e-20;608949.6583664089;119052372.09712815
8.797684402841828;9.092409256723568e-20;608092.6238863273;119554859.06020768
8.81734202461884;9.162824892414621e-20;607306.3190152468;120701326.95996188
8.839133488715392;9.160956690315458e-20;606434.6604513847;120528085.97428472
8.857090523603864;9.162482574167455e-20;605716.3790558459;121928679.01567996
8.875238645815394;9.190425234443262e-20;604990.4541673848;121357629.05445471
8.892831103339361;9.210570002701367e-20;604286.755866426;121216471.1952096
8.909865120141827;9.225258111569098e-20;603605.3951943273;120662453.03124863
8.9274675197521;9.199833966748885e-20;602901.2992099165;120132896.325238
8.94435863003936;9.208900682566773e-20;602225.654798426;119998268.78314331
8.962633109339361;9.237770429473658e-20;601494.675626426;119556381.76269555
8.981561148864314;9.260612493824851e-20;600737.5540454279;120955638.47611406
8.998631553872046;9.339921176987436e-20;600054.7378451185;120611919.71644159
9.01866928286504;9.360362288583219e-20;599253.2286853987;120450815.1499294
9.03594819517393;9.381777121145089e-20;598562.0721930432;119498081.80745818
9.056697364677362;9.421197212739838e-20;597732.1054129059;119926764.49966355
9.073713505965042;9.398073631304708e-20;597051.4597613986;119759948.33267139
9.093022219065041;9.37590993432577e-20;596279.1112373987;119746776.73913641
9.114358345748013;9.423185228637031e-20;595425.6661700797;119575385.0301039
9.132130937178378;9.42517020348769e-20;594714.7625128651;120311535.146545
9.149583294678377;9.499653801914168e-20;594016.6682128651;123194833.36534652
9.167084217837862;9.527844443541998e-20;593316.6312864858;124250756.13051786
9.183873532863261;9.538110082536894e-20;592645.0586854699;123912548.14041263
9.205476501137861;9.534920901780791e-20;591780.9399544859;122826075.12274115
9.22745448856326;9.561086655095037e-20;590901.8204574699;122643610.98763289
9.24662964313043;9.554791965673605e-20;590134.8142747831;122484416.33864412
9.263925249694925;9.637633294126589e-20;589442.9900122032;122587770.00947158
9.287326451194925;9.639451659129395e-20;588506.9419522032;121992243.26883124
9.30837082436326;9.671870387147711e-20;587665.1670254698;122330027.84709278
9.329150042638846;9.693844681901381e-20;586833.9982944464;122581295.71025518
9.350723024789968;9.706257244279365e-20;585971.0790084015;123097041.79995686
9.368028962938846;9.735862887004192e-20;585278.8414824463;123155823.29570794
9.387001934243797;9.755414159105939e-20;584519.9226302484;123235363.70164375
9.410642280086831;9.769557794610637e-20;583574.308796527;123709040.85571389
9.429407704692125;9.846444060366797e-20;582823.6918123153;125425664.34211253
9.447131487242546;9.849726396158116e-20;582114.7405102984;123554467.70888297
9.465757194838845;9.825759626330454e-20;581369.7122064463;123744316.09912153
9.484966847038846;9.866966579422741e-20;580601.3261184464;123580765.42050298
9.501938569286212;9.906622135999587e-20;579922.4572285517;123840114.76457307
9.524455158838846;9.925848586428174e-20;579021.7936464464;123647781.66903262
9.541392120386831;9.964811349439758e-20;578344.315184527;124000904.82384448
9.558902219252257;9.93300624416528e-20;577643.9112299099;123384626.91410339
9.577008644453743;9.99851854846309e-20;576919.6542218504;123229925.75826661
9.594173977553742;9.989053225594084e-20;576233.0408978505;124019508.80265011
9.612481270173305;1.0004996860160755e-19;575500.749193068;122994416.76865022
9.630006347873323;9.993193263107756e-20;574799.7460850673;121853956.31300896
9.647584943645253;9.994409475249266e-20;574096.6022541901;122100426.72840229
9.665405535501476;1.0046624389327555e-19;573383.7785799411;121948821.45070831
9.682446128506706;1.0070955454865219e-19;572702.1548597319;121631204.15573019
9.708864413767447;1.0146502191316175e-19;571645.4234493024;122946904.93392378
9.735356920012753;1.019129473624616e-19;570585.7231994902;122718989.41054572
9.756631170912755;1.021025983852463e-19;569734.7531634901;123574709.05988371
9.776680176312754;1.0204471437376654e-19;568932.7929474901;123420991.61456156
9.793952401967882;1.0227120804997456e-19;568241.9039212851;123768112.1389097
9.816038802615836;1.0312005727283973e-19;567358.4478953668;125774934.46772256
9.833747154512924;1.0348785405404325e-19;566650.1138194833;125802506.59025465
9.853227675943437;1.0402461246657166e-19;565870.8929622627;125971897.43099965
9.871936771615836;1.0446445657674047e-19;565122.5291353669;127214703.39680831
9.888893420167879;1.0418633642288621e-19;564444.2631932851;127062018.98555662
9.907655215770305;1.0431232641323506e-19;563693.7913691881;126893080.31192733
9.924876475470304;1.0413450647324046e-19;563004.9409811881;126036919.1160738
9.946681531830581;1.0403896570656498e-19;562132.738726777;125841663.84033771
9.964941487146628;1.0502133427764645e-19;561402.3405141352;126125525.50991052
9.988995458098335;1.0548519019818769e-19;560440.1816760668;127246604.31149405
10.011460567452353;1.061564560160367e-19;559541.577301906;126948760.3553425
10.030732804302815;1.0625604610535936e-19;558770.6878278876;125621220.44590154
10.047850334409064;1.06569411232187e-19;558085.9866236376;125467287.88860685
10.073883834487791;1.0668565086127746e-19;557044.6466204885;126521058.29331815
10.09153250729175;1.0676829040122635e-19;556338.6997083302;125045338.68174635
10.10945722949175;1.0657307761676589e-19;555621.7108203302;123816398.39482622
10.127562226624798;1.0713975059983005e-19;554897.5109350083;125998701.58203691
10.144427974216784;1.0787714501412615e-19;554222.8810313288;126774060.34659123
10.161832145666748;1.0811870876606292e-19;553526.7141733302;126614817.73448005
10.180388144351458;1.0855891384360148e-19;552784.4742259419;126445036.2709166
10.200292889770482;1.0851418475205946e-19;551988.284409181;126262914.20535055
10.218106163770482;1.083685758540931e-19;551275.7534491809;125505174.32990201
10.235007595602125;1.0866300146170791e-19;550599.6961759152;125315332.23361121
10.255228238002125;1.0946192994179037e-19;549790.8704799152;126268714.62048356
10.277163110169006;1.0977788313416998e-19;548913.4755932399;126391124.04865651
10.294156383493066;1.1024585789287131e-19;548233.7446602775;127088600.70468612
10.311387374790066;1.1045978568648213e-19;547544.5050083976;126725442.7905508
10.330768355993067;1.1098845460373171e-19;546769.2657602775;127209437.21641472
10.351780130293067;1.1061944072770416e-19;545928.7947882776;127013896.16090903
10.377134806542353;1.1172781312127996e-19;544914.6077383063;128072255.0940528
10.398448004772163;1.1146549275880172e-19;544062.0798091139;126644247.67876062
10.417181834098525;1.1205128194201262e-19;543312.7266360595;126764712.18003996
10.435290629384022;1.1199055469557563e-19;542588.3748246396;126595707.76620956
10.454131346140148;1.1158593773245958e-19;541834.7461543946;125436376.80440874
10.472540152535883;1.1215251097469266e-19;541098.3938985652;125265909.03784607
10.490674771473786;1.12535904782444e-19;540373.0091410491;126359483.65820047
10.507423983635883;1.1287775925740574e-19;539703.0406545653;126613641.85325949
10.524155801994196;1.1344401541802442e-19;539033.7679202328;126456631.32727812
10.542110843682785;1.1374997166938685e-19;538315.5662526891;127537753.99013175
10.562138403082786;1.1380519599867805e-19;537514.463876689;126930258.14503711
10.579797656138698;1.1408837717524858e-19;536808.0937544527;127852857.46123944
10.598270166540264;1.1497006245065473e-19;536069.1933383901;127756426.39488663
10.616684740157542;1.150401007712189e-19;535332.610393699;128367588.65349281
10.637732100139589;1.1534936112964286e-19;534490.7159944171;128418398.78774075
10.654453253711923;1.1572375298458997e-19;533821.8698515238;128596681.82320307
10.671299223205732;1.1569468022338469e-19;533148.0310717713;128999146.86687618
10.688241875558344;1.15797003228202e-19;532470.3249776668;128483918.28275953
10.706390573705733;1.1567106835209884e-19;531744.3770517714;127713786.09045097
10.725708578599717;1.1588513398003563e-19;530971.656856012;127683639.89834543
10.743142721239765;1.1668140656057534e-19;530274.2911504102;130957087.23934878
10.760429627374894;1.170367031536028e-19;529582.8149050049;130296184.30018272
10.778477846576468;1.1736943038731937e-19;528860.886136942;130028715.8512296
10.802140402845566;1.1772977074737993e-19;527914.383886178;130361241.51483266
10.820946702857544;1.1811128733159597e-19;527162.131885699;129648436.32669145
10.84320490768942;1.1873378308224563e-19;526271.8036924239;129745008.77464657
10.862541491745567;1.1873265657587872e-19;525498.3403301779;128984680.05528003
10.879307522045567;1.1869739446583056e-19;524827.6991181779;128410585.29495694
10.899765972245566;1.1883289144036278e-19;524009.3611101778;128471949.31044456
10.917855527705639;1.1898906959221639e-19;523285.7788917749;127629643.7586896
10.934530696726478;1.196551423489227e-19;522618.7721309412;127466960.5008909
10.951671980150833;1.1974426421144223e-19;521933.1207939671;127299729.82233892
10.971271152270301;1.2042420025281162e-19;521149.15390918835;128392829.54109246
10.990252334592585;1.2134158979294336e-19;520389.906616297;131569660.33344437
11.009310903086124;1.2141902204739037e-19;519627.56387655553;132767912.49966563
11.026195201693731;1.213717156563165e-19;518952.1919322512;132181134.56556673
11.043637080542936;1.2163612708723351e-19;518254.51677828305;131426220.7982179
11.060713476842936;1.2129299363299417e-19;517571.460926283;129682080.6597071
11.082527403184066;1.2161169426592225e-19;516698.90387263783;129901718.00769757
11.099343496169482;1.2199054343938694e-19;516026.2601532212;129600406.16331026
11.117314333950057;1.226940295897488e-19;515307.42664199823;130372978.8297567
11.13548995687845;1.232349025298454e-19;514580.40172486263;131172689.44147429
11.153395507200866;1.242263694433935e-19;513864.17971196596;130976364.60193998
11.17215128797845;1.2452238393192469e-19;513113.94848086254;132510839.8386886
11.190980071644976;1.2471918311596173e-19;512360.7971342015;132789938.11346473
11.208255519709224;1.2455507350144135e-19;511669.7792116316;132610845.12335582
11.226513300256041;1.2431705189527608e-19;510939.46798975894;133748753.14130153
11.248608073912537;1.2467317437136468e-19;510055.67704349896;133288232.38275185
11.267978204375359;1.2466559654823267e-19;509280.871824986;133202851.83582927
11.286314244024169;1.2546675176931128e-19;508547.43023903365;133011019.55563043
11.30371869589353;1.258026924107917e-19;507851.2521642593;132718611.3775903
11.32040080998132;1.2613894554603958e-19;507183.9676007476;132146792.22130711
11.340765919393133;1.2759593757017738e-19;506369.363224275;133456514.72610892
11.360670068756042;1.2738970758935071e-19;505573.19724975876;133715037.4850024
11.37744385491511;1.2732524158140256e-19;504902.2458033959;135324540.2376401
11.394904431132591;1.2722427300982214e-19;504203.82275469665;134532022.8445605
11.41572341981511;1.275092667027657e-19;503371.06320739584;134309825.3494495
11.433482535246476;1.2755249752104058e-19;502660.69859014126;133422600.00403485
11.450694651816208;1.2873201089784015e-19;501972.2139273521;134055829.95854001
11.47023987730346;1.2916671423002984e-19;501190.404907862;135033204.51237607
11.488607692260965;1.2946243547711586e-19;500455.6923095617;134496218.3023032
11.506626779937816;1.297824952417527e-19;499734.9288024878;134302514.90861338
11.524335665345214;1.2976747244631473e-19;499026.57338619186;134369417.30229145
11.543798944808758;1.306017601424319e-19;498248.0422076499;135224529.85217917
11.563356853873572;1.305918989288473e-19;497465.7258450574;134424262.29669392
11.580556893126465;1.30465242288849e-19;496777.72427494155;133407720.97270201
11.597699616941425;1.3083111789039382e-19;496092.0153223433;133500329.93573044
11.615421145243317;1.3160709342236194e-19;495383.15419026767;134611342.5255786
11.632350210263674;1.319631513453596e-19;494705.9915894534;134632128.23645595
11.65042542391313;1.325239651958392e-19;493982.98304347525;135157353.988373
11.66748370316333;1.3319839818969579e-19;493300.6518734674;134970663.1940589
11.68419393330574;1.3300893607871513e-19;492632.24266777077;135177155.04422215
11.705432669910772;1.3328765397812294e-19;491782.6932035695;136631867.06102225
11.722511231989706;1.3331546824337633e-19;491099.5507204122;135981800.99699402
11.7399716148226;1.3356172388715867e-19;490401.13540709653;136712078.21133968
11.757978039854947;1.3403237130095327e-19;489680.87840580265;136329831.66407886
11.775679962443318;1.3451919311313075e-19;488972.8015022677;136094998.43673742
11.793741686222601;1.3461305054022175e-19;488250.3325510963;135893914.8376534
11.81328263666264;1.3457519394608826e-19;487468.6945334948;136380126.1037872
11.8322126163226;1.3478662559725014e-19;486711.4953470964;136407803.92951742
11.850946315059145;1.3495802052151666e-19;485962.14739763475;136197788.5320133
11.869446092358114;1.3629315910041902e-19;485222.1563056758;136624337.45549458
11.886738716538838;1.373030260326138e-19;484530.4513384468;137259646.09944177
11.904192760862639;1.3746790308e-19;483832.28956549463;137181102.80056626
11.922965638171172;1.377191037640695e-19;483081.3744731533;137386799.82349685
11.939963328769688;1.3758278242649891e-19;482401.46684921277;137706625.81214187
11.957444397269686;1.3783092581906516e-19;481702.2241092128;137789902.94141826
11.975332526869686;1.372816716433511e-19;480986.69892521284;136661155.9201785
11.996949004801563;1.379801831575248e-19;480122.0398079378;136662230.5335844
12.013970737444728;1.378736360511322e-19;479441.1705022113;137309865.93140832
12.031521304454033;1.3873813061713651e-19;478739.1478218392;138184939.81767625
12.0485844945836;1.3956268099533166e-19;478056.6202166564;138113658.78571874
12.065569749864974;1.4016496237919288e-19;477377.2100054014;137917372.76827946
12.093798967145851;1.408678328741084e-19;476248.0413141662;139203644.75359562
12.110869803521616;1.4123597656687956e-19;475565.2078591355;139657260.5577286
12.129776319533729;1.419042903969608e-19;474808.94721865107;140103322.67829758
12.149872779723642;1.4211296246455894e-19;474005.08881105453;140554559.1073376
12.167134863627684;1.42338176644425e-19;473314.60545489297;140936496.6955477
12.184991003906289;1.4243024580250581e-19;472600.3598437486;141633492.4728163
12.208119043802636;1.428474160503622e-19;471675.2382478947;143196885.30347228
12.225432982127684;1.4352263661582435e-19;470982.6807148928;142986630.2941406
12.243472753435515;1.4407550072535408e-19;470261.0898625795;142884230.8539147
12.260687084696587;1.4499873750188185e-19;469572.51661213656;143396829.16273344
12.27759885307348;1.4525030076806505e-19;468896.0458770609;142782507.31056327
12.295415615341806;1.4524583753897277e-19;468183.37538632785;141909113.32494277
12.314975803660888;1.4522546666623393e-19;467400.96785356465;140668306.81369385
12.331924548841807;1.4507498053718494e-19;466723.01804632787;140114703.20831123
12.349427469836167;1.45776802056247e-19;466022.90120655345;141569191.18752128
12.368270611721393;1.4643637444478584e-19;465269.17553114437;142412201.79284167
12.385031687741806;1.4664519907734233e-19;464598.7324903279;141812447.015455
12.40209141396101;1.4714552349970297e-19;463916.34344155964;142013964.45115888
12.41961112936101;1.4733104869890088e-19;463215.5548255598;141799439.20106298
12.437461928775729;1.48107313517427e-19;462501.52284897096;141685798.88851368
12.456117167372724;1.485867700578758e-19;461755.3133050911;142086967.18842077
12.477581759787155;1.4949283712428372e-19;460896.72960851394;144329754.91870967
12.496821705609689;1.503979988548657e-19;460127.13177561254;144523211.06884366
12.514657203719231;1.5013559893496017e-19;459413.7118512307;143758661.4051081
12.536989806387155;1.5043109229368708e-19;458520.4077445138;144407944.4819913
12.554951795383117;1.5024342838200143e-19;457801.9281846754;143640133.2283573
12.574886540907519;1.5062033032299912e-19;457004.53836369934;144007535.34981555
12.593224962872847;1.5205773138250107e-19;456271.00148508634;143776389.20331234
12.612485157413136;1.5307447598719832e-19;455500.59370347473;144530515.1845556
12.629405215797634;1.5315293284907302e-19;454823.79136809485;144670173.3446372
12.646307481804627;1.5396700666379557e-19;454147.7007278152;145167778.34286293
12.667543501304626;1.5407513426515732e-19;453298.2599478153;144632619.63338542
12.691414162601566;1.5477757580827415e-19;452343.43349593785;145206904.01463068
12.709133755517856;1.5537855618755259e-19;451634.6497792862;146208137.6068225
12.726333472387665;1.5597019039862658e-19;450946.6611044938;145985414.34392595
12.745227055025804;1.5652147960704855e-19;450190.9177989681;144965067.3608326
12.762819770625804;1.5617372051890953e-19;449487.2091749682;143857243.52213073
12.781017789224336;1.5664602240694698e-19;448759.28843102674;144118230.12313372
12.799291493890387;1.5716007768954226e-19;448028.3402443848;145583114.05918914
12.818978245524457;1.576044404289231e-19;447240.87017902185;145761641.16456133
12.841478394398296;1.580734072955964e-19;446340.86422406824;146743188.48473638
12.858423107513126;1.593936936329917e-19;445663.0756994751;148458977.856625
12.875894334715838;1.5996376094621945e-19;444964.22661136667;148694207.8955679
12.895267048445106;1.6051715660470358e-19;444189.3180621961;149570985.28165466
12.91232218113864;1.605730853027254e-19;443507.1127544547;149071493.50617477
12.93591377186699;1.6057161101301197e-19;442563.44912532065;147603806.56778717
12.953128144230746;1.6173990864655295e-19;441874.87423077045;146582088.9265842
12.970442516626331;1.6233132064903592e-19;441182.29933494696;147976983.96188596
12.988202338675595;1.6280266281787673e-19;440471.90645297634;148259017.74885452
13.006336616226331;1.6253351597631002e-19;439746.5353509468;148843736.6500146
13.023598364954724;1.6375262391067716e-19;439056.065401811;148617740.43156287
13.043124719480518;1.644659658353975e-19;438275.01122077904;149994837.31393796
13.0606967953119;1.6464430055485907e-19;437572.1281875238;148929938.40950707
13.079436178053301;1.6499774428895356e-19;436822.55287786765;149859090.96382222
13.096495302262918;1.653682637843177e-19;436140.18790948304;149624994.5482549
13.114174305963259;1.6617118065863561e-19;435433.0277614693;150296817.84772992
13.131581528583045;1.6678009552104128e-19;434736.73885667784;151872357.73169062
13.148592129426397;1.6688476185408587e-19;434056.31482294394;151591466.35101378
13.166353542126398;1.6700047120326766e-19;433345.85831494397;150655863.90004972
13.183733692633457;1.6812639236722665e-19;432650.65229466173;152482429.14829236
13.20408577031725;1.6802203753062091e-19;431836.5691873101;151054952.96753085
13.222874178688366;1.6870694763444922e-19;431085.0328524655;152598392.52650017
13.240873219414786;1.689013694182863e-19;430365.0712234088;153677568.3316912
13.257770274688367;1.6988592860233266e-19;429689.1890124654;154122130.37347487
13.274884640212578;1.7051408053769103e-19;429004.61439149687;154792379.56266028
13.292771058712578;1.718157613295987e-19;428289.1576514969;154341690.3625299
13.310472275646664;1.7255333701351797e-19;427581.1089741333;154877612.01589513
13.329758993669074;1.7323537156587686e-19;426809.6402532369;154351702.30582547
13.348844010823386;1.7296447513357153e-19;426046.23956706445;156138463.57698104
13.369559438246663;1.7355261248575755e-19;425217.6224701334;157282728.475995
13.386941886323386;1.7221812452676475e-19;424522.32454706443;155060776.05290195
13.404776086723386;1.7367487874066445e-19;423808.95653106447;154800211.66847223
13.4218848006475;1.7436845947117982e-19;423124.6079740997;154984643.74466732
13.440329995875532;1.7463119548217883e-19;422386.80016497837;154714395.03236437
13.458749259144492;1.763899441520004e-19;421650.02963421994;156507773.33729222
13.475610858486121;1.765283851541676e-19;420975.5656605546;155364857.7500501
13.492397639310829;1.7642328601620503e-19;420304.0944275663;154522501.30892038
13.509976199174098;1.7690029154021084e-19;419600.95203303546;154925567.24621844
13.52877266300648;1.7704761746855141e-19;418849.0934797399;155228172.36142886
13.546914197662819;1.7834775298724187e-19;418123.43209348636;157365191.0720385
13.56595336159085;1.7872897051783192e-19;417361.8655363651;158030204.26611128
13.582949097259338;1.7982467827281572e-19;416682.03610962565;158124884.80733314
13.600053356359338;1.8016211518484472e-19;415997.8657456256;157865251.92033336
13.617900298691657;1.805907925420759e-19;415283.9880523329;157665270.27928382
13.634740465333213;1.8079055959129657e-19;414610.3813866708;157136172.0973874
13.653171359563606;1.8186514369971094e-19;413873.14561745507;157159705.45876053
13.669863232007849;1.8202025759016462e-19;413205.4707196852;157371291.52240556
13.686563117092716;1.8333785507509355e-19;412537.4753162905;159840322.8466289
13.704016410945119;1.8306037354962612e-19;411839.34356219444;158854731.6994755
13.721967028846477;1.8492470356588371e-19;411121.3188461402;159191512.99827838
13.740469840345119;1.8485216676032094e-19;410381.2063861944;158882762.36985236
13.757527854422719;1.8502640139386701e-19;409698.8858230905;159743692.0881038
13.77686936558919;1.8456137751383643e-19;408925.2253764316;158730086.57170475
13.79666616682272;1.8578181799073262e-19;408133.35332709056;160380356.53646135
13.81378192517072;1.861005960922219e-19;407448.72299317055;160276930.7840193
13.831243055622718;1.8676081382332624e-19;406750.27777509077;159508808.1980728
13.847976620601388;1.878929278506078e-19;406080.93517594406;160707157.44005364
13.867312821905996;1.884531728478753e-19;405307.48712375987;161465555.63037646
13.884469615026608;1.895492737459358e-19;404621.2153989353;161385559.52325866
13.901245956458725;1.9049819250901251e-19;403950.16174165066;161552331.50460503
13.92030662137525;1.9103589687990972e-19;403187.7351449897;161247413.21032676
13.939105594803408;1.919857126639735e-19;402435.77620786335;163009404.25326908
13.955909857459265;1.923421941565163e-19;401763.6057016291;163843385.79610997
13.973271680799364;1.9165981450888433e-19;401069.13276802504;163765400.68837333
13.991731313075249;1.9233247046285336e-19;400330.74747698975;163977427.324932
14.009175553664502;1.9378262393002029e-19;399632.97785341967;164690231.29034677
14.027966718774586;1.9379219721450291e-19;398881.3312490164;164246846.06481457
14.045411535294884;1.9451714986148387e-19;398183.5385882043;164049232.02005443
14.063821643440411;1.9588970908595778e-19;397447.13426238333;164955785.17660382
14.081094029480555;1.9674474992400304e-19;396756.2388207776;165361869.64603162
14.098324438859576;1.971732912384871e-19;396067.0224456168;165174492.29050034
14.115838386977078;1.9743576216292084e-19;395366.46452091663;164074541.53070104
14.132708122668571;1.9819747827181177e-19;394691.6750932568;164413476.51186433
14.150243334977079;1.9823759683163243e-19;393990.26660091674;165506885.39670983
14.168934648390277;1.991959095216704e-19;393242.6140643889;166052406.8646761
14.188974450673848;1.9949975604397676e-19;392441.0219730461;166200465.48657522
14.206040234268677;2.0022159966401934e-19;391758.3906292529;167020741.52278048
14.226322543882556;2.0125739249418072e-19;390947.0982446977;167324524.93199784
14.2431689376638;2.0203455899258767e-19;390273.2424934481;167169906.8286488
14.262058905717108;2.0277267923879986e-19;389517.64377131575;168447030.06548777
14.279637852631298;2.0309799921060168e-19;388814.4858947481;168085731.98060888
14.298161872834708;2.0411563101003307e-19;388073.52508661186;166754969.6356406
14.315963173054143;2.0490174056443185e-19;387361.47307783447;166449001.29864526
14.341645584973556;2.0527993538742688e-19;386334.1766010579;165720023.94966573
14.360156009007484;2.066691222905362e-19;385593.759639701;166534910.46784183
14.377690837778065;2.0756953580475557e-19;384892.36648887774;166807054.66592586
14.395736516133137;2.073553057503758e-19;384170.53935467487;165893779.13482976
14.412918222225123;2.0856266028994146e-19;383483.27111099544;166980754.29955417
14.42993924232675;2.08943236809987e-19;382802.4303069304;167386195.1791213
14.44739809046064;2.0916991545790074e-19;382104.07638157485;169054471.6964883
14.465441141352278;2.0981321529916897e-19;381382.35434590926;168735159.90424943
14.482649615982353;2.1106454212089381e-19;380694.01536070637;168715685.03410065
14.499445879729803;2.1233839949464421e-19;380022.1648108082;168657051.42305696
14.517008450761388;2.1283332877201175e-19;379319.6619695449;168396649.51546204
14.538799890832392;2.1342523038352645e-19;378448.0043667047;168009682.44109312
14.556291350869326;2.1466338710862366e-19;377748.3459652272;169237315.07126248
14.57412279603533;2.1518246741627725e-19;377035.08815858705;169387817.71286464
14.59093673147684;2.1567020586021752e-19;376362.53074092657;170623539.98339188
14.609253265643751;2.1618735622626366e-19;375629.86937425;170291388.75743076
14.62641968182293;2.1701843308387055e-19;374943.2127270828;170073002.11183763
14.644174726919058;2.171293771829708e-19;374233.01092323754;169562765.33897594
14.661018180655763;2.1850942640737243e-19;373559.2727737695;171154390.91988996
14.677884455954038;2.1914276679781627e-19;372884.6217618385;171511535.0314132
14.695065424015771;2.2077873292457943e-19;372197.38303936913;172379053.19379613
14.712988236154478;2.208428607290934e-19;371480.47055382084;170544168.08780175
14.733438582743407;2.2202409038692566e-19;370662.4566902638;170158410.4530166
14.750288867154039;2.222678049399614e-19;369988.44531383854;169476512.4358057
14.76735234226189;2.2337685378826835e-19;369305.9063095243;169757693.61376724
14.787108841743457;2.2402497791522954e-19;368515.64633026154;169915612.60233742
14.80458969101577;2.25117145534933e-19;367816.4123593691;170644122.8953179
14.823250659415772;2.2592515839060265e-19;367069.9736233691;172367047.17826545
14.84033909907575;2.2650894448785054e-19;366386.43603697;172875271.43768764
14.85908511449961;2.2721881170246677e-19;365636.5954200157;174033682.39585382
14.876067484134095;2.2767477596226067e-19;364957.30063463625;174093400.8540693
14.895297963111698;2.2881323877929754e-19;364188.081475532;174010481.57250407
14.913188305415773;2.2906419507705546e-19;363472.467783369;174209015.56208527
14.930030821137459;2.3111131255256906e-19;362798.76715450163;173811401.36027443
14.947200640034096;2.318944231679336e-19;362111.97439863626;174426953.1144014
14.966846346934094;2.3142473445452965e-19;361326.14612263633;172688315.7897498
14.983692164939816;2.3277865543278045e-19;360652.31340240734;174676720.62695962
15.000869801634789;2.3349340430830207e-19;359965.2079346085;176525274.34192923
15.018276658032773;2.3516422796065244e-19;359268.9336786892;176183824.66475457
15.035406796056954;2.355278986656289e-19;358583.728157722;175507938.4553992
15.05265745730198;2.3601235584061757e-19;357893.701707921;175170206.67848206
15.070484423264041;2.364998173869118e-19;357180.62306943827;174399781.80401048
15.087786612714835;2.3806924814095293e-19;356488.5354914065;174061857.75437763
15.105033136595841;2.381065128518801e-19;355798.6745361662;176178180.49696428
15.124425409995842;2.39626267136753e-19;355022.98360016604;176925412.34169292
15.143303752541874;2.4122057568668377e-19;354267.84989832493;179273640.66318244
15.160531115848594;2.4200298035511684e-19;353578.75536605605;180504062.27590168
15.177699738806826;2.4269206640591967e-19;352892.0104477268;179910344.62639937
15.195134412294216;2.4253214542689016e-19;352194.6235082313;179918571.21465218
15.21193165087457;2.4344489788795767e-19;351522.73396501713;179791823.62177646
15.230550744792827;2.4434336038574663e-19;350777.97020828695;179953077.5726944
15.248967911275109;2.454059105756052e-19;350041.28354899556;180605532.91041142
15.268912101408416;2.463099436874631e-19;349243.5159436634;181077774.4523524
15.285767317479293;2.480497969866535e-19;348569.3073008284;182950085.69679114
15.303986882579292;2.4908390260960447e-19;347840.5246968284;182583864.65658
15.320992158381713;2.493007606568276e-19;347160.31366473145;182179741.18208864
15.337700657781713;2.4919317565404166e-19;346491.9736887314;181733736.9874381
15.354759098591204;2.495072460029818e-19;345809.63605635177;181358685.74194315
15.371647366739364;2.497441939116577e-19;345134.1053304253;180283795.40686595
15.388611078293223;2.52155065350194e-19;344455.55686827085;182533917.78170973
15.406015114929179;2.5416786801579605e-19;343759.39540283254;182539794.3248886
15.427421177645877;2.5590811139632225e-19;342903.15289416467;183151693.84642828
15.444676228345871;2.568090399446309e-19;342212.95086616493;183664488.62828115
15.462749251589937;2.5641483883118534e-19;341490.0299364022;184651445.42424646
15.480281103245877;2.566105239480697e-19;340788.75587016455;184565142.08591166
15.498211317271915;2.5699288660158327e-19;340071.547309123;185447897.15598518
15.515206307833049;2.594533911362568e-19;339391.7476866777;186817435.58656284
15.534560611812406;2.6004054157196994e-19;338617.57552750333;187226144.71382764
15.551237443852623;2.6108451318935033e-19;337950.50224589475;186075972.9845232
15.568611544532814;2.6189545594717797e-19;337255.5382186872;185693324.9141919
15.585601433113155;2.634820759620813e-19;336575.9426754734;186892236.2830798
15.602674967713154;2.639484058707787e-19;335893.0012914735;185375159.69435382
15.61947606653796;2.654036667527517e-19;335220.95733848127;185455333.78295416
15.636652172279014;2.6650872391544924e-19;334533.9131088389;187690776.33288378
15.653359857537312;2.6712658535712815e-19;333865.605698507;188005108.18307644
15.670916970547331;2.67981619347505e-19;333163.32117810624;189339327.93119043
15.688534940031941;2.692194848847102e-19;332458.6023987218;190094449.2114832
15.705429449014305;2.6994348455354265e-19;331782.82203942706;190392028.8579682
15.722695614561683;2.705997547749039e-19;331092.1754175318;189151056.90145886
15.740032478178474;2.713383903643679e-19;330398.70087286027;188713199.2126558
15.759126136146117;2.723141145559012e-19;329634.95455415465;188825345.73677438
15.775896951227974;2.7424742094366485e-19;328964.1219508805;189742671.9203492
15.792575389286826;2.7523651680418475e-19;328296.9844285265;189908400.03745127
15.809887773544823;2.762887043061634e-19;327604.4890582068;190305306.5880553
15.827876631846927;2.7607791129792244e-19;326884.9347261224;190744996.65978253
15.84543814974482;2.792797170500509e-19;326182.4740102065;192991022.49033073
15.86366283332519;2.7880035575257384e-19;325453.4866669917;191848473.274494
15.88062435781062;2.803469874439896e-19;324775.0256875745;191940551.24453878
15.897910621517976;2.8268869227758944e-19;324083.57513928006;192675162.72083458
15.91615042201421;2.8276612383933516e-19;323353.9831194307;192987715.9689552
15.93342068216276;2.8352118331938717e-19;322663.1727134888;193767083.66052783
15.950100027910048;2.8536985828129856e-19;321995.99888359726;194365249.9138274
15.967988711736485;2.858048541220999e-19;321280.45153053984;196175610.72885785
15.984739077997313;2.8758832752250113e-19;320610.436880107;195829161.38107255
16.00325683694625;2.884640733809276e-19;319869.72652214963;195997021.54215428
16.020079528397314;2.8896561114585433e-19;319196.8188641069;195795636.50493157
16.0378986849574;2.9005357357619456e-19;318484.05260170356;195960929.18967783
16.054609105410897;2.9092055629189454e-19;317815.6357835637;197482656.6088169
16.073464082776454;2.9254739844839893e-19;317061.43668894144;197443948.69415098
16.090187116618736;2.937592888893206e-19;316392.5153352502;198546899.51332942
16.107810309601536;2.9517335144652926e-19;315687.5876159383;197770109.42334396
16.12515430208438;2.9629721352772903e-19;314993.82791662455;199073702.30203167
16.143517904547288;2.9901647619281324e-19;314259.28381810826;199900561.6042852
16.161608861899147;2.993860919638554e-19;313535.6455240339;199355307.40079865
16.179234603579115;3.0029513981782643e-19;312830.6158568354;198241637.6798394
16.19597259800731;3.010885487284953e-19;312161.09607970755;198370241.2234661
16.21308466755824;3.022365483199171e-19;311476.6132976703;199162362.4185711
16.22992617688735;3.0312763183374496e-19;310802.9529245059;199599955.81091985
16.247562405396856;3.038180374784934e-19;310097.50378412585;200122786.2973277
16.264724992101165;3.0527008924896376e-19;309411.0003159538;199886083.4793174
16.281533312794846;3.0723469724395815e-19;308738.6674882065;200917022.58023727
16.29866157592652;3.0795524459145875e-19;308053.5369629396;200471162.05251208
16.316996761926518;3.1077701584310515e-19;307320.1295229398;201890361.99796695
16.335107673146407;3.1209577467237035e-19;306595.69307414413;202049019.03290153
16.351925282200863;3.130365968609568e-19;305922.98871196574;203247123.45854056
16.369182688643015;3.131149435130524e-19;305232.69245427963;204142257.80748034
16.386459974217033;3.150196825667669e-19;304541.601031319;204612739.86315033
16.40367344654839;3.158662249474721e-19;303853.0621380648;202995574.9491627
16.42124231030762;3.1820742019131726e-19;303150.30758769537;203033048.85022098
16.43796751536091;3.1898226420042796e-19;302481.29938556347;202584984.7329007
16.455362576488852;3.205556050634203e-19;301785.49694044585;203063384.39418527
16.472881284740748;3.2196552245054138e-19;301084.74861037004;205542189.04464492
16.489854496828325;3.2398124347067203e-19;300405.820126867;206649331.85777828
16.507691472728325;3.2424400893148247e-19;299692.3410908672;206304145.3716572
16.524468210785592;3.262096080887956e-19;299021.2715685765;207718106.2437207
16.54130790109677;3.269651494229402e-19;298347.68395612936;207973939.8118959
16.55825658640107;3.28780715765269e-19;297669.73654395726;207964693.755932
16.575134587472533;3.294466688425934e-19;296994.6165010985;208568717.53979272
16.59223096830107;3.317636476271542e-19;296310.761267957;209543633.96664864
16.60999826417548;3.3280024677054563e-19;295600.06943298056;209805553.50681862
16.628169366509596;3.3482864907588194e-19;294873.22533961595;209293796.0555733
16.650197733422623;3.3682602389379316e-19;293992.0906630948;209644399.85320717
16.667216835214404;3.3826832145825314e-19;293311.32659142365;211302829.66401255
16.68407452997065;3.386931237910852e-19;292637.0188011739;211322879.14888093
16.702107355438375;3.4179748565060497e-19;291915.70578246476;213075767.6899181
16.718890852556832;3.4284662016568e-19;291244.3658977263;212585741.7732307
16.73625409704622;3.42981592387697e-19;290549.8361181506;211205498.71692067
16.756361831470652;3.453842902489246e-19;289745.5267411733;212076653.9526717
16.773632718118602;3.4649958705686964e-19;289054.6912752554;211210397.67815018
16.790591304074425;3.4832950580658523e-19;288376.3478370225;213269448.8000067
16.8083720324046;3.498888441336771e-19;287665.1187038156;213370003.04828787
16.825332371138902;3.5211318437197835e-19;286986.70515444374;215446540.61504346
16.842730739434483;3.5214109455461203e-19;286290.77042262023;215555208.4464816
16.86041926427606;3.546063918887911e-19;285583.2294289572;215539457.7136773
16.877350968540693;3.5565189041021204e-19;284905.96125837194;216314086.9250976
16.89422149402761;3.5743343692290103e-19;284231.1402388953;215801730.8760307
16.912759516877006;3.5912158929674035e-19;283489.61932491936;217851790.601608
16.93008116285352;3.6084155738487795e-19;282796.7534858589;218614233.17472214
16.947624439226686;3.6252411774652486e-19;282095.0224309324;219388825.43059152
16.96496824216044;3.6513405562173555e-19;281401.2703135823;220349167.95994106
16.98367627701544;3.664569651928175e-19;280652.9489193822;219606633.4129504
17.000451943678183;3.684822050762038e-19;279981.9222528724;219107779.8372946
17.018471058907437;3.7026538323487755e-19;279261.1576437024;220091845.840069
17.035858387449018;3.7144852874545893e-19;278565.6645020391;219867690.85223824
17.05312792328831;3.738140785682534e-19;277874.88306846726;221296669.97508854
17.07050901827439;3.749663457676222e-19;277179.63926902413;221968789.15718275
17.08909160819938;3.7655793647962874e-19;276436.3356720246;223110185.0559401
17.105929708574386;3.7875741119874936e-19;275762.8116570243;222591501.3459604
17.12290515902632;3.797957186743552e-19;275083.793638947;223328432.8540445
17.139690857131416;3.8236184676749126e-19;274412.3657147432;222913830.31567267
17.156444348938546;3.8312048332347013e-19;273742.22604245786;223365231.69241872
17.173205228608087;3.8466644480062816e-19;273071.79085567634;224664199.5573114
17.193681867038546;3.8788943666389134e-19;272252.72531845776;224924740.67280728
17.211058814413022;3.888601444283102e-19;271557.64742347866;224578307.8412869
17.229086736254057;3.919395497319758e-19;270836.53054983704;225994039.71978718
17.24644415705181;3.938310550695805e-19;270142.23371792695;228255222.95977303
17.263121795605663;3.943227592049131e-19;269475.1281757727;227786385.3399527
17.280925652368786;3.9637681786033067e-19;268762.9739052477;226855359.74637207
17.298242827033107;3.9768544253070013e-19;268070.2869186748;227164791.31171483
17.31582296275894;4.008475265679836e-19;267367.0814896415;226845830.01422188
17.333108965641962;4.038468760636194e-19;266675.64137432043;229851821.17784333
17.34987415184754;4.0632961691258547e-19;266005.03392609744;230933522.27606964
17.366692078703014;4.076956211805423e-19;265332.31685187866;230570278.807906
17.38500988651829;4.1079353490652677e-19;264599.6045392677;230238810.237375
17.4030681982904;4.121062909026474e-19;263877.2720683833;230035958.51579365
17.420017727669;4.1269119599557357e-19;263199.2908932392;232464472.19960886
17.437289124990397;4.1385918304278996e-19;262508.4350003833;233450320.851271
17.454011716571518;4.147295992622181e-19;261839.5313371385;232457020.55461952
17.47392381467875;4.1897730420262604e-19;261043.04741284958;231787824.9781535
17.49077896120245;4.206519341844721e-19;260368.84155190154;232788294.91975778
17.508290130352595;4.228036690799408e-19;259668.3947858959;233112638.96135378
17.526532476116145;4.259705006965929e-19;258938.70095535385;232547819.62342733
17.543785912316146;4.2785288495486335e-19;258248.5635073538;232771899.73481575
17.560882509255148;4.286549241499354e-19;257564.69962979353;232384560.91821173
17.579809345493405;4.324481973749717e-19;256807.6261802633;234854416.44971028
17.597230217733145;4.334966097691601e-19;256110.79129067375;234476532.40904754
17.61435486741388;4.354542841081837e-19;255425.80530344456;234279448.93243945
17.6316664055735;4.382518756347303e-19;254733.34377705987;235869029.25004658
17.65121224414634;4.394786228777997e-19;253951.51023414647;235304826.79779372
17.668066524491024;4.422976232829698e-19;253277.33902035907;235987708.0105042
17.685232283875518;4.459449973194006e-19;252590.70864497934;236804685.18014625
17.704075524853202;4.491941579380829e-19;251836.97900587186;237205609.6360251
17.72115533572031;4.504191544202863e-19;251153.78657118764;236392285.54808393
17.738144785138722;4.529905370188559e-19;250474.20859445102;239337297.54040664
17.755367873559422;4.550055633621325e-19;249785.28505762314;238428689.29263422
17.772237042017636;4.579162558694212e-19;249110.51831929473;240742124.1136189
17.788923755815166;4.588496262019924e-19;248443.04976739342;239658402.01397133
17.806061400019765;4.6109851444834595e-19;247757.54399920962;239318649.11119062
17.823628463418107;4.64348009816286e-19;247054.86146327594;241304575.23995316
17.841228507802562;4.653814290019996e-19;246350.8596878978;241115165.29068452
17.859687748484053;4.689997464797532e-19;245612.49006063826;241290427.02427325
17.877735172767395;4.711780583953886e-19;244890.59308930437;240545554.918409
17.89459535146689;4.745264289083945e-19;244216.18594132434;242444517.69211924
17.912085880699937;4.777268649812638e-19;243516.5647720024;243475110.9533234
17.93063578096689;4.796798705181908e-19;242774.56876132402;245029342.85361564
17.948883336847402;4.8186548516667535e-19;242044.66652610354;244915224.04927626
17.966302983347404;4.833523426096833e-19;241347.88066610345;245369812.94044253
17.983001477872428;4.851781634789382e-19;240679.9408851025;247466619.65158823
18.00095128321871;4.886223936104717e-19;239961.94867125095;248149807.1179194
18.018706117715055;4.909943856690635e-19;239251.75529139687;248099156.70211843
18.03622646535375;4.956950230381914e-19;238550.94138584955;248441995.60915288
18.05308374681211;4.977323017773763e-19;237876.65012751496;249932443.86191097
18.069757410382294;4.982064042575079e-19;237209.7035847075;250488980.15344873
18.0874075138658;5.02020094882808e-19;236503.69944536724;251408806.75409427
18.104450903356845;5.0384013522582945e-19;235821.96386572524;251436983.01225606
18.121900969989838;5.092800417330727e-19;235123.9612004053;253534679.59670943
18.13956058890113;5.111249204407275e-19;234417.57644395347;253316061.7929942
18.158920295909954;5.150027253824015e-19;233643.18816360037;253148456.85931882
18.176285528865797;5.152675709345682e-19;232948.57884536678;252669399.1219407
18.192974289256053;5.1787593336361685e-19;232281.02842975658;253303581.0486903
18.20965592471264;5.216422041213787e-19;231613.7630114931;253827297.0117323
18.227149207881375;5.263829934506199e-19;230914.0316847438;254959130.54522943
18.243877723940678;5.302159817457306e-19;230244.89104237192;256824608.08802587
18.260988940977942;5.303314479740843e-19;229560.44236088145;256465067.4498069
18.278453995451194;5.330944202968051e-19;228861.84018195118;255265847.06429037
18.29534134923105;5.374311357301618e-19;228186.34603075671;255861402.8606807
18.31256903917501;5.402788313176961e-19;227497.23843299845;255752353.17289728
18.329261308641065;5.423962370986862e-19;226829.54765435625;257152152.99647096
18.345959984956576;5.452095044224804e-19;226161.60060173605;256243109.02186877
18.36282774542699;5.504823947389559e-19;225486.89018291933;257683061.3732714
18.382060695317968;5.51651181042535e-19;224717.57218728017;256734722.68344373
18.3987748234857;5.561953286249494e-19;224049.00706057105;258437023.1853636
18.415730460426992;5.595740335476434e-19;223370.78158291933;259998904.39889917
18.434718637865373;5.624220176375736e-19;222611.25448538395;259569744.92883068
18.45245925290877;5.65068347871976e-19;221901.62988364836;260569692.87907684
18.46919489347467;5.692177679223045e-19;221232.20426101235;260426975.11836794
18.48723255271558;5.722645749703143e-19;220510.69789137592;259848060.45596325
18.503903285415582;5.762856467645005e-19;219843.86858337576;261836642.82848224
18.521091791021544;5.802051509994969e-19;219156.32835913746;262599681.81055352
18.538440337896365;5.842953754115115e-19;218462.38648414463;262993667.208576
18.557348030181284;5.865989882696976e-19;217706.07879274793;263439474.2533248
18.574261090208196;5.889946844696859e-19;217029.5563916716;263973770.53694516
18.59106064692808;5.937362529066803e-19;216357.57412287622;264555776.7419277
18.607920094151215;5.976530573086506e-19;215683.19623395082;264587580.43715206
18.624634641910752;5.996050157126401e-19;215014.61432356937;265580917.72552127
18.641484376341904;6.035609146361907e-19;214340.62494632325;267101819.98833695
18.658877039228067;6.067345316367909e-19;213644.9184308767;265959916.25313345
18.675593131707018;6.129223740510339e-19;212976.2747317187;265837188.4053844
18.69242795464376;6.160816830091641e-19;212302.88181424895;267566138.24455103
18.70924657225924;6.188489704181776e-19;211630.1371096297;268704184.1410007
18.727923562867794;6.227107701606091e-19;210883.05748528746;269263502.4057274
18.74471848385681;6.2639847169040345e-19;210211.26064572672;269305796.13405967
18.762974102628302;6.302459462626198e-19;209481.03589486718;270722608.38534814
18.779764867428106;6.335633662047163e-19;208809.4053028749;271692397.9196945
18.797758224628108;6.411914730990949e-19;208089.6710148747;273041569.9446142
18.814623922139212;6.43980887185171e-19;207415.04311443042;273486015.02849
18.831342151940746;6.477134541843365e-19;206746.3139223689;272697614.49329656
18.848402201420402;6.500265064094111e-19;206063.91194318258;272303391.5504313
18.865522883424756;6.550795333162336e-19;205379.08466300843;274715113.05846125
18.882564065929124;6.588073101006474e-19;204697.43736283362;274799985.40531605
18.899903158573448;6.63025726153955e-19;204003.87365706064;274212217.8576678
18.916840358929125;6.67784053643187e-19;203326.3856428335;276494071.13085693
18.933697591085476;6.72622185406345e-19;202652.09635657922;277850067.3320008
18.950550239312467;6.759735663160241e-19;201977.99042749975;277497983.24181527
18.967634329660203;6.812155599110556e-19;201294.62681359064;280236648.9100266
18.98458699689619;6.85855109213381e-19;200616.52012415117;279721933.4464133
19.00209632434818;6.873689327388735e-19;199916.1470260715;279237499.55888855
19.018881997010755;6.934306521296144e-19;199244.7201195687;280921250.4581477
19.035886514154132;6.995798376400101e-19;198564.53943383376;279987848.5457291
19.0529329959887;7.03872546796549e-19;197882.68016045104;281807676.99230623
19.069667588944412;7.073213715457447e-19;197213.2964422227;282173899.1599095
19.086505732244536;7.146504148534561e-19;196539.77071021774;284008648.18612987
19.10318360344453;7.180563329572271e-19;195872.65586221812;283712815.93502396
19.120925930696536;7.223726531815037e-19;195162.96277213786;284112574.24853235
19.138737860782676;7.275388909176283e-19;194450.48556869224;286256784.68646437
19.156077336036724;7.310539043457506e-19;193756.9065585304;286718569.0893758
19.173197599232353;7.37580684766534e-19;193072.0960307054;286978080.13144505
19.18998273811935;7.4322082702790555e-19;192400.69047522557;289637278.1588138
19.207830622349544;7.460228895082809e-19;191686.775106018;289066674.6747538
19.22457236768476;7.516708852998586e-19;191017.10529260917;290205554.1375919
19.24138096388566;7.5843034527519815e-19;190344.76144457312;291559507.09522194
19.258360004600515;7.650181259115598e-19;189665.59981597893;291065433.1867101
19.27518379269786;7.692019445045801e-19;188992.64829208533;291365468.3569029
19.292352568912367;7.732832884875682e-19;188305.8972435051;293181701.793271
19.31021628138659;7.786405782996218e-19;187591.3487445361;294160147.21855855
19.328624797409358;7.842298113861698e-19;186855.00810362527;293717847.43825096
19.345514036603838;7.898641580564657e-19;186179.4385358462;295136476.53776276
19.362229491277642;7.9509385704661685e-19;185510.82034889405;295835205.6755977
19.37922477889273;8.014462049407344e-19;184831.00884429022;297265821.1623289
19.396472421657588;8.060175923491295e-19;184141.10313369593;297519059.80645615
19.413604984241765;8.128985492888163e-19;183455.80063032903;298380034.4115172
19.43081824733166;8.201372041156559e-19;182767.2701067334;299060402.12511957
19.44832238769864;8.256938851382092e-19;182067.10449205455;300236095.86457306
19.465019403137884;8.296203202848543e-19;181399.22387448486;300339659.72709614
19.4817482363845;8.354380114043877e-19;180730.07054462004;302248297.7661915
19.499373118435845;8.40127561456004e-19;180025.0752625665;303117073.2877355
19.516073007488114;8.467450294950115e-19;179357.07970047562;303701145.0029951
19.534091407073955;8.56621921673535e-19;178636.34371704192;303969746.36857414
19.551426452904245;8.597532005476517e-19;177942.94188383073;305656266.35479146
19.568314726212282;8.651300783710241e-19;177267.41095150937;306432276.2090739
19.585017975009603;8.725962475909613e-19;176599.28099961655;307457619.5428204
19.601806737634263;8.800796581423142e-19;175927.73049463012;308025298.7312429
19.61854552420681;8.854646850764797e-19;175258.1790317284;308081839.07103163
19.635276722910742;8.894699416949413e-19;174588.93108357105;308695631.2629394
19.65231966588505;8.94874681364047e-19;173907.21336459863;310806798.0625344
19.66933106070751;9.02272031131022e-19;173226.75757170047;309855176.36382353
19.687081706409003;9.095765337602456e-19;172516.73174364088;310648736.1635144
19.705003420368683;9.16923273869822e-19;171799.8631852537;311984021.209842
19.721694342054004;9.258933365288926e-19;171132.226317841;313853869.7564208
19.738513876646483;9.310451320563023e-19;170459.44493414217;314138843.9117496
19.755226956391777;9.372600475003682e-19;169790.92174433035;314260755.4877102
19.772477567209485;9.474367428638759e-19;169100.897311622;317608214.14170283
19.78970670795772;9.55935648138378e-19;168411.7316816927;317563686.4756185
19.80648895013761;9.594911887257511e-19;167740.4419944971;318446536.2004624
19.823603478725545;9.663278841491834e-19;167055.86085097975;318944209.22366524
19.840323605849697;9.740352001255661e-19;166387.0557660136;319770452.79060656
19.857256329190925;9.804683405894245e-19;165709.74683236436;320277620.4956939
19.874126285119367;9.919298948589132e-19;165034.9485952267;322862388.81337166
19.89147479242733;9.985587924958002e-19;164341.00830290798;321844914.4545379
19.908299413061794;1.0089956562551003e-18;163668.02347752938;324492238.19733775
19.925021741570077;1.0112986343911158e-18;162999.13033719786;323063988.79977113
19.941708569522845;1.0220749711414594e-18;162331.657219087;323824871.67743194
19.958617785111738;1.0299243746082788e-18;161655.2885955315;326338877.3049949
19.9753986927379;1.037886532174238e-18;160984.0522904852;327633861.5079872
19.99214333572133;1.0445805928596102e-18;160314.26657114798;328056489.45789564
20.00912468062067;1.055105888825644e-18;159635.01277517443;330726278.66271985
